0 0.271165 0.527594 0.017945 0.035193
1 0.237064 0.517342 0.031868 0.054063
1 0.218114 0.538652 0.035728 0.034340
0 0.019255 0.531668 0.038510 0.040785
0 0.071775 0.534436 0.022942 0.034668
1 0.110730 0.522110 0.043497 0.055241
0 0.173768 0.528895 0.015862 0.019508
0 0.333312 0.534436 0.025236 0.030589
0 0.491611 0.544632 0.009177 0.083610
1 0.417050 0.488895 0.151416 0.375913
0 0.541509 0.542286 0.024089 0.023629
0 0.653269 0.549730 0.047031 0.053021
0 0.685388 0.557887 0.040148 0.040785
0 0.721521 0.559927 0.050472 0.053021
0 0.774861 0.556868 0.079149 0.067296
0 0.002990 0.577902 0.005980 0.062151