0 0.439481 0.527244 0.034680 0.051024
0 0.673273 0.495354 0.021526 0.029764
0 0.734860 0.478347 0.015546 0.021260
0 0.761767 0.498543 0.026309 0.040394
0 0.731153 0.533622 0.044486 0.055276
0 0.892475 0.469843 0.013155 0.012756
0 0.873939 0.478347 0.016742 0.017008
0 0.928351 0.508110 0.015546 0.046772
0 0.860187 0.479410 0.015546 0.014882
0 0.844043 0.481536 0.016742 0.010630
0 0.827898 0.481536 0.017938 0.010630
0 0.908021 0.470906 0.015546 0.010630
0 0.318357 0.587531 0.235586 0.355039
0 0.091911 0.399685 0.183822 0.382677
0 0.666905 0.546327 0.033634 0.055670
0 0.597317 0.537049 0.033634 0.037113