0 0.047233 0.625092 0.093343 0.047412
0 0.234620 0.617606 0.042811 0.042421
0 0.263746 0.622597 0.016844 0.027449
0 0.280941 0.626340 0.021757 0.019963
0 0.308312 0.626964 0.014738 0.018715
0 0.294977 0.628211 0.010527 0.023706
0 0.370072 0.622597 0.016142 0.017468
0 0.436395 0.628211 0.007018 0.018715
0 0.446571 0.629459 0.006316 0.013725
0 0.451133 0.632578 0.014037 0.027449
0 0.464819 0.646303 0.030178 0.039926
0 0.411831 0.652541 0.053339 0.074861
1 0.521667 0.617731 0.093343 0.190896
0 0.169350 0.617731 0.034389 0.041174
0 0.969501 0.678868 0.037899 0.038678
0 0.931252 0.675125 0.034389 0.033688
0 0.865982 0.670134 0.027371 0.023706
0 0.830540 0.664519 0.023862 0.029945