0 0.199969 0.539250 0.180562 0.220500
0 0.734002 0.489750 0.216844 0.256500
1 0.373359 0.456750 0.055687 0.076500
1 0.528609 0.448500 0.053156 0.076500
0 0.453094 0.453750 0.037125 0.057000
0 0.061594 0.467250 0.123187 0.168000
0 0.401625 0.443625 0.015187 0.022500
0 0.426516 0.442125 0.014344 0.025500
0 0.480937 0.445125 0.016875 0.022500
0 0.341297 0.451875 0.017719 0.030000
0 0.288984 0.448500 0.016031 0.015000
0 0.303328 0.446250 0.012656 0.013500
0 0.326531 0.446375 0.011812 0.009250
0 0.438750 0.432750 0.008437 0.018000