0 0.048253 0.437580 0.018521 0.012131
0 0.208121 0.442779 0.030219 0.012131
0 0.301703 0.447112 0.014622 0.013864
0 0.270509 0.447978 0.010723 0.008665
0 0.291468 0.447112 0.007798 0.010398
0 0.390898 0.465308 0.009748 0.015597
0 0.419655 0.466175 0.012673 0.013864
0 0.341670 0.478306 0.075060 0.117843
0 0.439151 0.466175 0.010723 0.010398
0 0.451823 0.470507 0.008773 0.019063
1 0.484967 0.473107 0.067262 0.117843
0 0.555153 0.472240 0.032169 0.039859
0 0.537119 0.467908 0.007798 0.017330
0 0.529808 0.469641 0.008773 0.020796
0 0.520547 0.474840 0.015597 0.045058
0 0.929479 0.557157 0.139398 0.220090