0 0.624318 0.429198 0.034387 0.038208
0 0.683778 0.424104 0.064475 0.068774
0 0.691659 0.426651 0.054446 0.063679
0 0.407967 0.433019 0.025790 0.040755
0 0.325582 0.430472 0.021492 0.030566
0 0.306240 0.429198 0.028656 0.048396
0 0.218124 0.435566 0.035820 0.045849
0 0.176573 0.411368 0.058744 0.038208
0 0.117112 0.440661 0.074505 0.056038
0 0.172274 0.441934 0.064475 0.043302
0 0.342776 0.429198 0.018626 0.033113
0 0.373581 0.436840 0.054446 0.073868
0 0.428026 0.447029 0.051580 0.073868
0 0.263973 0.447029 0.078803 0.084057
2 0.529038 0.366793 0.173367 0.376981
0 0.051392 0.431746 0.102784 0.410095