0 0.396826 0.445703 0.013184 0.025781
0 0.372691 0.445438 0.015011 0.025252
0 0.428467 0.443359 0.010547 0.016406
0 0.412830 0.448437 0.019775 0.028125
0 0.456230 0.456186 0.026146 0.038875
0 0.331946 0.475812 0.094600 0.133528
0 0.261246 0.471821 0.043735 0.048172
1 0.177188 0.464776 0.103888 0.106385
0 0.015925 0.510515 0.031850 0.069594
0 0.630883 0.439211 0.054835 0.054985
0 0.658847 0.429518 0.056570 0.050707
0 0.672754 0.441284 0.073925 0.077882
0 0.695207 0.439036 0.081753 0.087448
0 0.719185 0.439651 0.104988 0.098052
0 0.757724 0.443837 0.119317 0.126864
0 0.833862 0.451562 0.143701 0.150000
0 0.891870 0.451562 0.188525 0.182812
0 0.940015 0.470273 0.119971 0.189844