0 0.141909 0.423838 0.092480 0.055203
0 0.254570 0.414210 0.028955 0.032451
0 0.433502 0.394902 0.013155 0.010630
0 0.420945 0.396259 0.009567 0.007915
0 0.406109 0.395416 0.013379 0.013854
0 0.393833 0.394326 0.010353 0.016033
0 0.495687 0.393388 0.010763 0.016107
0 0.465192 0.389587 0.007175 0.017008
0 0.449048 0.388524 0.020330 0.031890
1 0.476537 0.376261 0.025740 0.047940
1 0.511913 0.372357 0.027034 0.059259
0 0.531099 0.395026 0.023595 0.032686
0 0.480929 0.396811 0.023289 0.019067
0 0.451996 0.398624 0.019051 0.026579
0 0.587465 0.397084 0.035546 0.040313
0 0.553928 0.386854 0.026966 0.027238
0 0.908728 0.380295 0.046975 0.044096
0 0.860127 0.384329 0.062185 0.048783
0 0.752730 0.393319 0.064115 0.044791
0 0.814086 0.389587 0.044247 0.038268
1 0.842787 0.344941 0.154267 0.068032
0 0.316302 0.399489 0.021118 0.017400
0 0.014550 0.440070 0.022721 0.024112