0 0.044165 0.565625 0.088330 0.121875
0 0.093603 0.530468 0.055371 0.051562
0 0.138428 0.524609 0.034277 0.044531
0 0.186548 0.511718 0.032959 0.046875
0 0.224121 0.519922 0.058008 0.067969
1 0.257080 0.468750 0.036914 0.046875
0 0.270923 0.497656 0.051416 0.060937
1 0.334863 0.486718 0.021094 0.042187
0 0.395508 0.484375 0.013184 0.018750
0 0.429126 0.474218 0.014502 0.028125
0 0.444287 0.478906 0.018457 0.014062
0 0.461072 0.477740 0.016438 0.016418
0 0.483838 0.475390 0.013184 0.021094
0 0.508751 0.474481 0.010817 0.014587
0 0.522729 0.478906 0.014502 0.023437
0 0.535798 0.482565 0.017945 0.027643
0 0.558087 0.485440 0.020252 0.036505
0 0.582714 0.484661 0.036914 0.044323
0 0.708133 0.497586 0.076117 0.087359
0 0.783764 0.504006 0.122607 0.109174
0 0.910327 0.536328 0.177978 0.128906
0 0.897802 0.482422 0.108105 0.082031
0 0.980859 0.567968 0.036914 0.107812
0 0.621534 0.470803 0.034277 0.028156
0 0.642041 0.458593 0.018457 0.023437
0 0.417886 0.479687 0.010568 0.018787
0 0.548548 0.482296 0.017613 0.034442