0 0.506410 0.550882 0.008608 0.023804
0 0.534623 0.547481 0.005738 0.013602
0 0.561880 0.551732 0.010520 0.011902
0 0.575270 0.563634 0.027735 0.045907
0 0.513104 0.550032 0.006695 0.015302
0 0.474849 0.547481 0.010520 0.020403
0 0.434202 0.540680 0.007651 0.006801
0 0.428942 0.543231 0.008608 0.008501
0 0.422725 0.542381 0.007651 0.010202
0 0.765114 0.578086 0.011477 0.040806
0 0.223318 0.551732 0.121462 0.113917
0 0.369167 0.556833 0.105203 0.141121
0 0.453808 0.547481 0.020084 0.030605
0 0.491586 0.558533 0.030605 0.049307
0 0.543231 0.550032 0.005738 0.015302
0 0.530798 0.550882 0.009564 0.020403
0 0.522668 0.555983 0.020084 0.027204
0 0.608265 0.575536 0.063122 0.079912
0 0.652259 0.566184 0.022953 0.027204
0 0.700557 0.569585 0.023910 0.027204
0 0.737857 0.574685 0.044950 0.051008