0 0.465801 0.445873 0.014912 0.018353
0 0.448595 0.444853 0.017206 0.020393
0 0.423932 0.445873 0.025236 0.026511
0 0.374607 0.442814 0.018353 0.024471
0 0.390093 0.446893 0.012618 0.016314
0 0.399844 0.449951 0.020648 0.030589
0 0.366578 0.453010 0.032119 0.032628
0 0.319274 0.457817 0.027530 0.034668
0 0.251596 0.464955 0.041295 0.048943
0 0.282567 0.463595 0.052766 0.061178
0 0.157998 0.481269 0.087179 0.085650
0 0.529765 0.431646 0.026383 0.016314
0 0.725918 0.471412 0.090620 0.120317
0 0.800462 0.506696 0.126180 0.138671
0 0.911730 0.543403 0.174358 0.208006
0 0.484438 0.452655 0.026383 0.034668
0 0.580220 0.446537 0.022942 0.030589
0 0.525067 0.489904 0.073414 0.113243