0 0.219010 0.471842 0.043293 0.056163
0 0.247092 0.482242 0.045633 0.052003
0 0.292140 0.462481 0.018721 0.020801
0 0.330752 0.462481 0.011701 0.029122
0 0.350643 0.463521 0.035102 0.035362
0 0.371704 0.450000 0.011701 0.016641
0 0.391011 0.445840 0.015211 0.016641
0 0.410902 0.451040 0.017551 0.018721
0 0.489297 0.443760 0.010531 0.020801
0 0.501581 0.448294 0.016384 0.029869
0 0.522646 0.456833 0.030418 0.038627
0 0.601623 0.458321 0.038612 0.054083
0 0.863719 0.514484 0.162640 0.141448
1 0.466550 0.418018 0.020921 0.033585
0 0.311446 0.461441 0.024571 0.027042
0 0.466032 0.454501 0.029525 0.038123
0 0.563262 0.474235 0.054491 0.069271
0 0.695229 0.515524 0.179021 0.214253