0 0.373786 0.577073 0.023608 0.046632
0 0.367884 0.584067 0.014427 0.046632
0 0.320669 0.571244 0.017050 0.025648
0 0.308209 0.573575 0.010492 0.020984
0 0.289848 0.575907 0.031477 0.025648
0 0.445264 0.575907 0.017050 0.025648
0 0.455100 0.579404 0.010492 0.023316
0 0.470839 0.580570 0.028854 0.039637
0 0.546252 0.577073 0.017050 0.023316
0 0.560023 0.577073 0.018361 0.032642
0 0.639370 0.572409 0.024919 0.032642
0 0.673470 0.564249 0.051150 0.044301
0 0.712160 0.575907 0.049838 0.039637
0 0.761342 0.578238 0.074757 0.048964
0 0.861018 0.585233 0.089184 0.053627
0 0.948891 0.589896 0.099676 0.090933
0 0.487889 0.570078 0.010492 0.030311
0 0.237387 0.542098 0.057707 0.044301
0 0.080659 0.587565 0.032788 0.037306
0 0.034100 0.605052 0.065576 0.151554
0 0.343620 0.589896 0.052461 0.065285
0 0.410508 0.584067 0.057707 0.090933
0 0.511496 0.594560 0.060330 0.074611
0 0.581663 0.575907 0.027542 0.037306
0 0.195418 0.636529 0.201975 0.191192