1 0.568394 0.400078 0.042187 0.021094
1 0.809653 0.393047 0.031641 0.021094
0 0.487315 0.538359 0.014502 0.016406
0 0.495225 0.565312 0.014502 0.028125
0 0.508408 0.531328 0.009229 0.021094
0 0.511045 0.539531 0.014502 0.018750
0 0.521592 0.550078 0.019775 0.039844
0 0.551914 0.530156 0.019775 0.018750
0 0.536094 0.547734 0.025049 0.016406
0 0.538072 0.562968 0.021094 0.028125
0 0.576304 0.550078 0.021094 0.035156
0 0.598716 0.544218 0.021094 0.032812
0 0.638267 0.539531 0.026367 0.023437
0 0.683638 0.558281 0.053828 0.056250
0 0.303404 0.561796 0.029004 0.025781
0 0.445786 0.526640 0.013184 0.021094
0 0.447105 0.616875 0.110742 0.159375
0 0.562461 0.568828 0.048779 0.053906
0 0.623106 0.584062 0.083057 0.093750
0 0.879641 0.601640 0.171616 0.157031
0 0.828110 0.551250 0.060644 0.065625