0 0.121164 0.603554 0.043187 0.029858
0 0.012596 0.625947 0.025193 0.070379
0 0.525444 0.619549 0.021594 0.031990
1 0.410878 0.590758 0.022793 0.021327
0 0.364092 0.602010 0.025193 0.028681
0 0.332080 0.583674 0.052341 0.073883
0 0.325103 0.606753 0.028791 0.023460
0 0.222534 0.566232 0.188344 0.159953
0 0.451666 0.590758 0.010797 0.012796
0 0.440269 0.589692 0.011996 0.014929
0 0.441469 0.612085 0.023993 0.034123
0 0.395882 0.627014 0.055184 0.063981
0 0.802442 0.698459 0.277118 0.287915
0 0.988659 0.694226 0.022249 0.057519
0 0.595185 0.613730 0.016051 0.019851
0 0.473752 0.616212 0.025822 0.039702