2 0.142921 0.491406 0.285842 0.427041
0 0.916072 0.759762 0.165306 0.376531
2 0.645727 0.481191 0.079209 0.079592
0 0.349984 0.562755 0.099012 0.116327
0 0.441312 0.513673 0.025099 0.043062
0 0.451148 0.526786 0.036161 0.050510
0 0.483865 0.519133 0.025829 0.038265
0 0.579894 0.491398 0.018716 0.023326
0 0.589477 0.523725 0.020663 0.038265
0 0.629797 0.539246 0.066864 0.096859
0 0.724363 0.531378 0.061990 0.062755
0 0.774510 0.555162 0.053802 0.076411
0 0.858674 0.572704 0.168750 0.160714
0 0.957439 0.555149 0.083882 0.107237
0 0.408390 0.518131 0.028132 0.039833
0 0.539828 0.573980 0.114509 0.182143
0 0.697816 0.583164 0.129145 0.139286
0 0.797224 0.513234 0.019541 0.019851
0 0.779428 0.511373 0.017447 0.016129
0 0.763027 0.508892 0.020937 0.021092