0 0.542216 0.576664 0.010926 0.016996
0 0.463725 0.574225 0.012376 0.016975
0 0.434380 0.582830 0.011048 0.019616
0 0.371493 0.589290 0.030047 0.037392
0 0.347592 0.579092 0.017755 0.021853
0 0.304751 0.579782 0.038605 0.023232
2 0.244145 0.564087 0.043967 0.042152
0 0.260865 0.590018 0.057363 0.058273
0 0.411101 0.610657 0.043705 0.055845
0 0.450026 0.591232 0.025950 0.041277
0 0.691086 0.599731 0.027316 0.033993
0 0.861890 0.624802 0.049329 0.042373
0 0.115272 0.592204 0.106531 0.089838
0 0.578802 0.574259 0.022297 0.039241
0 0.564239 0.577705 0.012292 0.016996
0 0.753955 0.639785 0.050248 0.052109
0 0.825294 0.611053 0.031794 0.035132
0 0.939830 0.654189 0.118823 0.087410
0 0.018610 0.578991 0.037221 0.019851
0 0.202636 0.577821 0.032072 0.017229
0 0.494688 0.585815 0.016051 0.023573
0 0.508995 0.577750 0.011166 0.017370
0 0.526791 0.572167 0.009073 0.018610
0 0.610887 0.595120 0.018145 0.022333
0 0.654156 0.592018 0.011166 0.018610
0 0.665323 0.592018 0.011166 0.018610