0 0.246404 0.514801 0.060884 0.065366
0 0.323636 0.511579 0.060438 0.079718
0 0.416243 0.520244 0.054589 0.076252
0 0.475219 0.503781 0.034118 0.050257
0 0.525909 0.505514 0.034118 0.046791
0 0.355805 0.495982 0.013647 0.027728
0 0.387430 0.500522 0.018409 0.022943
0 0.454260 0.497056 0.015597 0.029875
0 0.442563 0.495982 0.009748 0.013864
0 0.501966 0.488883 0.025225 0.041258
0 0.546380 0.500315 0.012672 0.025995
0 0.438176 0.479824 0.014622 0.019674
0 0.948262 0.555108 0.100928 0.126129
0 0.813965 0.489050 0.060438 0.027728
0 0.757058 0.487317 0.049476 0.038126
0 0.297316 0.491650 0.013647 0.022529