0 0.723688 0.451387 0.012871 0.016641
0 0.665770 0.463868 0.011701 0.012481
0 0.672205 0.466988 0.008190 0.018721
0 0.644709 0.477389 0.016381 0.022881
0 0.624232 0.478429 0.010531 0.016641
0 0.565729 0.482589 0.012871 0.012481
0 0.553443 0.488829 0.009361 0.012481
0 0.562804 0.503356 0.018721 0.029053
0 0.541742 0.489869 0.009361 0.014561
0 0.528872 0.492990 0.009361 0.012481
0 0.532228 0.498313 0.011393 0.014807
0 0.514831 0.492990 0.011701 0.020801
0 0.513076 0.497150 0.010531 0.020801
0 0.506640 0.497150 0.014041 0.020801
0 0.504885 0.501310 0.012871 0.020801
0 0.485579 0.489869 0.025742 0.035362
0 0.451062 0.488829 0.010531 0.016641
0 0.459838 0.489869 0.011701 0.014561
0 0.477974 0.514831 0.047973 0.068644
0 0.396069 0.490909 0.019891 0.024961
0 0.286667 0.487789 0.021061 0.031202
0 0.262096 0.488829 0.042123 0.037442
0 0.662260 0.534939 0.086585 0.122727
0 0.011262 0.472040 0.021061 0.039522
0 0.047534 0.480360 0.093606 0.052003
0 0.986369 0.737404 0.025742 0.214253