0 0.800805 0.475706 0.121851 0.112644
2 0.632531 0.415918 0.087970 0.155969
0 0.556128 0.479215 0.110153 0.164719
0 0.037927 0.391656 0.075854 0.142105
0 0.214458 0.401188 0.074085 0.081451
0 0.280745 0.425449 0.144272 0.109178
2 0.325098 0.381258 0.077010 0.121309
0 0.373839 0.413319 0.026320 0.053723
0 0.410110 0.406779 0.059870 0.073735
0 0.448412 0.423716 0.025345 0.032927
0 0.464009 0.416785 0.021446 0.036393
0 0.479118 0.419384 0.014622 0.024262
0 0.433911 0.304883 0.026320 0.025995
0 0.462668 0.309215 0.021446 0.027728
0 0.495812 0.311815 0.021446 0.022529
0 0.533829 0.314917 0.023395 0.028734
0 0.565510 0.323946 0.016572 0.019063
1 0.428618 0.377960 0.053898 0.063623