0 0.007311 0.491303 0.012673 0.071053
0 0.085783 0.479172 0.087733 0.064121
0 0.267585 0.491217 0.053614 0.043152
0 0.022421 0.369994 0.042892 0.019063
0 0.077497 0.375193 0.038018 0.015597
1 0.164743 0.371727 0.060438 0.039859
0 0.247114 0.395122 0.024370 0.020796
0 0.218357 0.394256 0.011698 0.008665
1 0.335821 0.401188 0.012673 0.015597
1 0.461572 0.421117 0.018521 0.017330
1 0.411369 0.415052 0.007798 0.008665
1 0.316813 0.401932 0.017547 0.010643
0 0.125263 0.460687 0.036068 0.028306
0 0.297157 0.483330 0.028926 0.034311
2 0.266610 0.455476 0.038018 0.038727
0 0.359594 0.469512 0.017766 0.017073
0 0.378225 0.468774 0.015597 0.015597
0 0.417705 0.480905 0.018521 0.022529
1 0.427223 0.462076 0.020011 0.016064
1 0.469370 0.478343 0.020471 0.034734
1 0.506413 0.471374 0.020471 0.027728
0 0.552592 0.550425 0.109427 0.147705
0 0.613154 0.524230 0.040942 0.067587
0 0.637352 0.511604 0.016689 0.028963
0 0.587809 0.484371 0.013647 0.008665
0 0.693486 0.531482 0.093582 0.109178
0 0.879764 0.619545 0.236878 0.514699
1 0.810065 0.474840 0.140372 0.180231
0 0.739879 0.496502 0.017547 0.025995
1 0.672602 0.485104 0.048709 0.052257
1 0.623791 0.479815 0.027122 0.037440
0 0.416752 0.478690 0.019891 0.021324