1 0.919515 0.608877 0.160140 0.178163
0 0.824981 0.424286 0.048559 0.022041
0 0.721974 0.440816 0.026862 0.011020
0 0.532182 0.455510 0.013431 0.011020
0 0.504287 0.456428 0.015497 0.009184
0 0.459344 0.533571 0.012398 0.016531
0 0.413369 0.534490 0.013431 0.014694
0 0.427316 0.532653 0.020663 0.033061
0 0.288252 0.472775 0.008265 0.011020
0 0.253125 0.497571 0.012398 0.016531
0 0.320797 0.471857 0.013431 0.012857
0 0.266763 0.483061 0.008265 0.011020
0 0.292592 0.495918 0.012398 0.014694
0 0.271722 0.491143 0.010332 0.014694
0 0.289802 0.506755 0.013431 0.016531
0 0.277921 0.523286 0.020663 0.027551
0 0.251575 0.532469 0.025829 0.027551
0 0.189999 0.535204 0.032028 0.033102
0 0.139374 0.533388 0.058890 0.036735