0 0.193718 0.601531 0.051658 0.050510
0 0.208355 0.603061 0.048214 0.038265
0 0.235475 0.602296 0.021524 0.033673
0 0.265179 0.600766 0.036161 0.036735
0 0.309519 0.613776 0.047353 0.065816
0 0.418001 0.596939 0.006027 0.013776
0 0.466215 0.596174 0.009471 0.021429
0 0.456314 0.594643 0.006888 0.009184
0 0.440817 0.594643 0.006888 0.009184
0 0.611289 0.604592 0.029273 0.053571
0 0.130236 0.611712 0.047635 0.052252
0 0.429193 0.596174 0.009471 0.009184
0 0.449857 0.596174 0.007749 0.012245
0 0.485459 0.601681 0.032461 0.050209
0 0.573406 0.622194 0.065434 0.079592
2 0.373986 0.586486 0.083108 0.149550