0 0.662993 0.480736 0.013093 0.023276
0 0.623211 0.481631 0.004029 0.017905
0 0.614147 0.485212 0.014100 0.032228
0 0.698242 0.486108 0.023164 0.037599
0 0.725938 0.493269 0.038271 0.044761
0 0.640333 0.490584 0.038271 0.057294
0 0.530052 0.474470 0.013093 0.025066
0 0.510916 0.485212 0.033235 0.042971
0 0.452635 0.496396 0.073784 0.088288
0 0.570374 0.525625 0.099792 0.148750
0 0.969426 0.519820 0.059797 0.124324
0 0.256113 0.458356 0.019135 0.017905
0 0.192160 0.452984 0.020143 0.017905
0 0.126193 0.448508 0.049349 0.026857