0 0.438984 0.482362 0.011477 0.015302
0 0.428942 0.489163 0.018171 0.025504
0 0.415074 0.495964 0.021041 0.028904
0 0.466241 0.484062 0.010520 0.022103
0 0.475327 0.490863 0.011477 0.025504
0 0.500193 0.491713 0.009564 0.017003
0 0.511670 0.496814 0.019128 0.027204
1 0.288830 0.519087 0.130069 0.158124
0 0.391643 0.497834 0.035387 0.054408
0 0.453808 0.496984 0.018171 0.025504
0 0.486325 0.496134 0.018171 0.030605
0 0.533189 0.501235 0.023910 0.034005
0 0.770852 0.514837 0.042081 0.044207
0 0.691472 0.479131 0.017215 0.017003