0 0.051422 0.583583 0.102845 0.099921
0 0.635364 0.578693 0.013155 0.012756
0 0.600325 0.576392 0.028701 0.021609
0 0.557274 0.578693 0.019134 0.025512
0 0.535576 0.579152 0.031437 0.037350
0 0.498078 0.570189 0.017938 0.029764
0 0.447254 0.572315 0.090886 0.093543
0 0.319894 0.572315 0.063381 0.068032
0 0.352183 0.582945 0.068164 0.063780
0 0.727446 0.587197 0.013155 0.021260
0 0.703169 0.588898 0.021526 0.025512
0 0.670283 0.581457 0.025113 0.040394
0 0.741437 0.579331 0.023917 0.040394
1 0.838661 0.533622 0.173401 0.259370