0 0.429710 0.424737 0.016389 0.021853
0 0.410589 0.427165 0.027316 0.021853
0 0.379176 0.429593 0.032779 0.026709
0 0.358006 0.429593 0.025950 0.026709
0 0.332056 0.434449 0.028681 0.026709
0 0.279473 0.433235 0.084679 0.053417
0 0.206404 0.441733 0.058729 0.050989
0 0.148358 0.434449 0.087410 0.089838
0 0.059155 0.428379 0.118311 0.131115
0 0.526680 0.421095 0.016389 0.019424
0 0.541704 0.416239 0.013658 0.019424
0 0.552630 0.419881 0.010926 0.016996
0 0.564922 0.423523 0.013658 0.014568
0 0.581312 0.425951 0.021853 0.029137
0 0.452928 0.439305 0.032779 0.065558
0 0.492680 0.444654 0.063115 0.103420
0 0.679819 0.417626 0.017755 0.019424