0 0.039551 0.820312 0.079102 0.296250
0 0.182988 0.668437 0.045352 0.045000
0 0.224121 0.658125 0.032695 0.035625
0 0.246269 0.651562 0.011602 0.033750
0 0.279492 0.641250 0.027422 0.028125
0 0.353848 0.635625 0.017930 0.024375
0 0.410273 0.613125 0.010547 0.031875
0 0.375469 0.597187 0.008437 0.011250
0 0.374941 0.612187 0.009492 0.015000
0 0.344355 0.612187 0.009492 0.018750
0 0.383379 0.625312 0.009492 0.018750
0 0.333281 0.641250 0.037969 0.050625
0 0.396035 0.624375 0.022148 0.039375
1 0.064863 0.586875 0.129727 0.298125
1 0.360703 0.615000 0.025312 0.054375
0 0.867403 0.542456 0.023681 0.025088
0 0.845835 0.546511 0.017346 0.020728
0 0.984924 0.540937 0.028801 0.024375
0 0.906187 0.558750 0.018984 0.011250
0 0.922131 0.551307 0.021341 0.022386
0 0.879293 0.560625 0.022148 0.015000
0 0.308368 0.637959 0.019128 0.022103
0 0.947625 0.550315 0.029648 0.023804
0 0.987316 0.518010 0.015302 0.017003
0 0.898371 0.539264 0.022953 0.022103