0 0.047766 0.574487 0.095531 0.171566
0 0.084321 0.550225 0.086758 0.091849
0 0.463521 0.543293 0.059463 0.081451
0 0.350443 0.532895 0.036068 0.043325
0 0.392848 0.534628 0.029244 0.043325
2 0.134036 0.498235 0.108204 0.081451
1 0.211533 0.509500 0.048740 0.045058
0 0.415268 0.530295 0.015597 0.031194
0 0.370427 0.523364 0.019496 0.027728
0 0.561977 0.528562 0.026320 0.017330
0 0.523959 0.523364 0.016572 0.017330
0 0.493253 0.517298 0.011698 0.019063
0 0.257349 0.524230 0.011698 0.015597
0 0.272459 0.524230 0.016572 0.015597
0 0.291468 0.523364 0.017547 0.013864
0 0.305115 0.523364 0.011698 0.013864
0 0.322661 0.521631 0.013647 0.017330
0 0.245652 0.525096 0.013647 0.020796
0 0.430865 0.520764 0.015597 0.019063
0 0.397234 0.506900 0.010723 0.015597