0 0.200895 0.503481 0.039484 0.039178
0 0.126519 0.505113 0.032138 0.032648
0 0.085198 0.509194 0.065194 0.063664
0 0.289898 0.514091 0.027547 0.027751
0 0.383557 0.516540 0.018365 0.013059
0 0.573171 0.525518 0.010101 0.017956
0 0.586027 0.518989 0.021119 0.034281
0 0.600718 0.521437 0.028465 0.032648
0 0.242609 0.506746 0.067031 0.062031
0 0.028528 0.510290 0.057056 0.075091
0 0.767180 0.575423 0.222211 0.256288
1 0.450850 0.484008 0.057848 0.122430
0 0.505791 0.524547 0.076213 0.114268
0 0.351182 0.521622 0.015203 0.016216