0 0.178845 0.498174 0.024866 0.034005
0 0.145850 0.500724 0.054514 0.042506
0 0.210406 0.497324 0.028692 0.032305
0 0.233360 0.496474 0.034430 0.027204
0 0.285005 0.488823 0.022953 0.025504
0 0.304133 0.488823 0.019128 0.022103
0 0.353387 0.478621 0.020084 0.022103
0 0.369167 0.479471 0.013389 0.017003
0 0.384948 0.477771 0.016259 0.017003
0 0.469589 0.475221 0.011477 0.018703
0 0.536058 0.469270 0.008608 0.017003
0 0.528407 0.468420 0.008608 0.015302
0 0.519799 0.469270 0.008608 0.017003
0 0.511192 0.471820 0.008608 0.022103
0 0.501150 0.475221 0.011477 0.022103
0 0.429898 0.493923 0.060253 0.093514
0 0.486804 0.480321 0.024866 0.039106
0 0.708208 0.460769 0.123375 0.108816
0 0.786154 0.551489 0.281179 0.249937