2 0.365591 0.484123 0.056383 0.068246
0 0.451366 0.497985 0.014396 0.021327
0 0.436370 0.503317 0.015595 0.019194
0 0.420872 0.503840 0.018188 0.024506
0 0.303810 0.497985 0.031191 0.021327
0 0.265421 0.501185 0.033590 0.036256
0 0.216836 0.506516 0.056383 0.046919
0 0.167650 0.505450 0.051585 0.049052
0 0.075278 0.505450 0.029991 0.019194
0 0.030291 0.501185 0.026392 0.023460
0 0.477158 0.503317 0.017995 0.017062
0 0.510748 0.510782 0.017995 0.040521
0 0.518546 0.517180 0.021594 0.053318
0 0.541939 0.523578 0.051585 0.083175
0 0.571930 0.535308 0.068380 0.093839
0 0.656418 0.559834 0.154754 0.164218