0 0.083711 0.430512 0.059793 0.070157
0 0.533356 0.441142 0.035876 0.036142
0 0.421423 0.454961 0.026309 0.029764
0 0.337115 0.446457 0.053814 0.046772
0 0.298967 0.449646 0.062185 0.040394
0 0.268592 0.437953 0.023917 0.017008
0 0.248860 0.437953 0.022721 0.017008
1 0.161203 0.430512 0.121978 0.070157
1 0.380166 0.474095 0.068164 0.080787
0 0.486598 0.459213 0.029897 0.038268
0 0.592229 0.470237 0.029730 0.043309
0 0.607859 0.423071 0.029897 0.029764
1 0.573777 0.426260 0.031093 0.036142
0 0.544478 0.448583 0.029897 0.034016
1 0.238217 0.485788 0.093278 0.095669
0 0.040144 0.512788 0.080287 0.127559