0 0.043020 0.662625 0.086039 0.110077
0 0.108972 0.648506 0.051951 0.078294
0 0.160229 0.640118 0.048846 0.058468
0 0.183609 0.621968 0.030395 0.052676
0 0.227689 0.613935 0.015301 0.039661
0 0.241270 0.610758 0.020588 0.039409
0 0.370483 0.583427 0.023167 0.021356
0 0.433550 0.573512 0.024025 0.022881
0 0.458862 0.584952 0.023167 0.057966
0 0.479884 0.582664 0.039470 0.068644
0 0.494042 0.590326 0.035180 0.062473
0 0.515493 0.594105 0.045477 0.076271
0 0.553677 0.598681 0.066928 0.094576
0 0.609021 0.606308 0.107256 0.128136
0 0.729577 0.621562 0.221377 0.204407
0 0.886600 0.686393 0.223093 0.349322
0 0.406950 0.586478 0.032606 0.030508