0 0.581740 0.565451 0.029676 0.065774
0 0.430546 0.544901 0.011134 0.013730
0 0.411062 0.546711 0.023497 0.031372
0 0.388386 0.549929 0.020466 0.025766
0 0.132409 0.604612 0.113818 0.150913
0 0.256315 0.616341 0.163419 0.217424
0 0.354130 0.563186 0.034708 0.044875
0 0.399075 0.567645 0.043684 0.054655
0 0.504080 0.611370 0.163419 0.282456
0 0.025994 0.820445 0.051987 0.357133
0 0.973180 0.713870 0.053640 0.308518
0 0.063363 0.552391 0.021446 0.019063
0 0.849060 0.508996 0.018400 0.015538
0 0.824707 0.503243 0.022947 0.007417
0 0.802211 0.523162 0.041541 0.026459
0 0.758861 0.533317 0.038559 0.022506
0 0.620469 0.536553 0.007303 0.011649