0 0.461745 0.487885 0.007017 0.009702
0 0.528247 0.508238 0.021515 0.019917
0 0.293731 0.512833 0.031186 0.031879
1 0.254749 0.534317 0.074846 0.085934
0 0.195886 0.516299 0.027288 0.019405
0 0.132678 0.571509 0.169183 0.158008
0 0.510416 0.596458 0.113828 0.169096
0 0.572788 0.513295 0.015593 0.019405
0 0.600855 0.549332 0.057694 0.074846
0 0.647245 0.507905 0.031968 0.028028
0 0.713904 0.513989 0.015593 0.026335
0 0.744700 0.516761 0.030406 0.040195
0 0.731446 0.525770 0.042881 0.044353
0 0.777055 0.513989 0.032745 0.034651
0 0.780173 0.525770 0.034304 0.044353
0 0.823574 0.493660 0.043660 0.020791
0 0.813438 0.521381 0.038982 0.040195
0 0.844944 0.511713 0.042741 0.040264
1 0.908555 0.506827 0.070168 0.041581
0 0.958437 0.505790 0.018145 0.022333
0 0.012474 0.866966 0.024949 0.212064
0 0.039357 0.572887 0.033414 0.062233
0 0.025034 0.514992 0.050069 0.055102
0 0.363834 0.514475 0.020937 0.019851
0 0.378140 0.524400 0.023030 0.044665
0 0.403614 0.542390 0.055831 0.070720
0 0.437112 0.533085 0.033499 0.052109
0 0.458747 0.520678 0.022333 0.034739
0 0.472356 0.508271 0.016051 0.019851
0 0.327543 0.569686 0.117246 0.125310
0 0.498178 0.503929 0.043967 0.028536