0 0.241941 0.545616 0.028791 0.023460
0 0.210377 0.536143 0.037644 0.029609
0 0.155986 0.538666 0.073538 0.058686
0 0.303122 0.574407 0.107968 0.123697
0 0.454278 0.533886 0.009597 0.017062
0 0.460276 0.543483 0.009597 0.010663
0 0.481869 0.540284 0.028791 0.038389
0 0.508861 0.543483 0.022793 0.027725
0 0.543934 0.512885 0.056325 0.105982
0 0.612631 0.553080 0.026392 0.038389
0 0.577841 0.555213 0.043187 0.055450
0 0.703803 0.557964 0.069579 0.079805
0 0.654618 0.563744 0.076777 0.085308
0 0.976065 0.593601 0.047870 0.132227
0 0.875353 0.606398 0.225533 0.196208