0 0.122576 0.500669 0.125566 0.065906
0 0.041257 0.499606 0.082515 0.068032
0 0.180576 0.496417 0.040659 0.053150
0 0.209277 0.495354 0.052618 0.055276
0 0.252328 0.498543 0.112411 0.048898
0 0.303989 0.498543 0.023917 0.031890
0 0.336278 0.492165 0.057402 0.040394
0 0.372154 0.502795 0.019134 0.023386
0 0.386504 0.503858 0.021526 0.021260
0 0.402050 0.503858 0.016742 0.021260
0 0.413411 0.502795 0.013155 0.019134
0 0.421782 0.505984 0.008371 0.017008
0 0.442112 0.511299 0.015546 0.031890
0 0.516495 0.518740 0.017938 0.029764
0 0.534433 0.530433 0.037072 0.053150
0 0.593030 0.527244 0.020330 0.042520
0 0.744028 0.533268 0.077731 0.099921
0 0.632972 0.533410 0.046639 0.048898
0 0.571385 0.528095 0.038268 0.046772
0 0.478107 0.556795 0.088494 0.129685
0 0.845044 0.633118 0.307338 0.318898