0 0.825679 0.517222 0.175042 0.138512
1 0.864031 0.459256 0.268908 0.230641
0 0.022972 0.449190 0.045477 0.070169
1 0.196611 0.411054 0.072310 0.051864
0 0.219895 0.433173 0.036038 0.035085
0 0.263682 0.416798 0.037806 0.034274
0 0.272236 0.424425 0.032606 0.037325
0 0.294545 0.414105 0.017161 0.021356
0 0.359757 0.404190 0.010297 0.013729
0 0.370483 0.404190 0.009439 0.016780
0 0.382067 0.403427 0.010297 0.012203
0 0.435695 0.407240 0.019735 0.016780
0 0.470017 0.417156 0.018019 0.027458
0 0.507342 0.418681 0.010297 0.030508
0 0.544667 0.421732 0.021451 0.024407
0 0.575128 0.439274 0.037754 0.056441
0 0.330155 0.404952 0.014587 0.018305
0 0.350319 0.408003 0.013729 0.018305
0 0.435695 0.462908 0.076367 0.109851
0 0.491039 0.425545 0.029174 0.044237
0 0.560112 0.461393 0.062638 0.076271
0 0.523697 0.412627 0.017161 0.028983
0 0.460488 0.433705 0.016277 0.042870
0 0.452651 0.405303 0.010249 0.016076