0 0.490241 0.487900 0.008736 0.009984
0 0.502097 0.486236 0.006240 0.015530
0 0.508024 0.487346 0.008112 0.017749
0 0.513016 0.487346 0.006864 0.022186
0 0.517384 0.488455 0.006864 0.024404
0 0.524872 0.490674 0.015599 0.028841
0 0.542655 0.488455 0.027455 0.033279
0 0.549206 0.501766 0.035566 0.042153
0 0.585293 0.514708 0.031199 0.073213
0 0.610876 0.513599 0.037438 0.095398
0 0.656114 0.513599 0.090476 0.135333
0 0.755949 0.533566 0.190312 0.219638
0 0.897698 0.603920 0.204039 0.407108
0 0.483568 0.486263 0.005616 0.009984