0 0.006217 0.452025 0.012433 0.017486
0 0.021519 0.451417 0.033474 0.022103
0 0.035865 0.445466 0.018171 0.023804
0 0.054514 0.445466 0.024866 0.020403
0 0.060253 0.451417 0.017215 0.025504
0 0.107847 0.454766 0.027230 0.032201
0 0.127200 0.444616 0.017215 0.018703
0 0.167847 0.444570 0.016259 0.011994
0 0.151588 0.442374 0.012433 0.012985
0 0.150632 0.460769 0.048776 0.017003
0 0.183871 0.458967 0.034918 0.020605
0 0.260353 0.456662 0.034086 0.021682
0 0.226204 0.457444 0.036882 0.020251
0 0.232837 0.446056 0.021386 0.010599
0 0.333590 0.455668 0.024866 0.017003
0 0.356603 0.457512 0.015182 0.017290
0 0.410292 0.460769 0.009564 0.017003
0 0.416031 0.459918 0.009564 0.015302
0 0.420813 0.462469 0.011477 0.013602
0 0.438028 0.461619 0.007651 0.011902
0 0.445201 0.459707 0.010520 0.018281
0 0.477718 0.458218 0.010520 0.015302
0 0.469589 0.460769 0.009564 0.013602
0 0.461937 0.461619 0.009564 0.015302
0 0.633227 0.472533 0.020084 0.031589
0 0.570775 0.461619 0.015302 0.028904
0 0.551647 0.463319 0.007651 0.011902
0 0.525346 0.459918 0.010520 0.015302
0 0.496654 0.459068 0.008608 0.020403
0 0.314940 0.453117 0.014346 0.011902
0 0.379975 0.459068 0.008608 0.013602
0 0.387243 0.461619 0.012433 0.015302
0 0.369072 0.461619 0.016259 0.018703
0 0.402067 0.461658 0.015302 0.015223
0 0.455625 0.462469 0.013389 0.017003
0 0.486708 0.459068 0.018171 0.027204
0 0.430281 0.459885 0.012433 0.015235
0 0.528789 0.460769 0.010520 0.013602
0 0.667666 0.477743 0.062165 0.078341
0 0.731584 0.484937 0.053496 0.064703
0 0.584393 0.467622 0.023027 0.030709
0 0.549447 0.437815 0.016259 0.011902
0 0.543224 0.462912 0.016053 0.021290