0 0.111827 0.615673 0.081620 0.047755
0 0.173300 0.621184 0.082653 0.036735
0 0.441505 0.607347 0.012398 0.011020
0 0.427041 0.608654 0.012398 0.016531
0 0.415676 0.611384 0.010332 0.013967
0 0.402612 0.611020 0.017862 0.018367
0 0.385714 0.611020 0.020663 0.018367
0 0.371141 0.613521 0.015835 0.021814
0 0.443749 0.621504 0.011682 0.026788
0 0.482315 0.609184 0.007232 0.014694
0 0.489547 0.610102 0.013431 0.020204
0 0.502462 0.607347 0.014464 0.011020
0 0.526739 0.631260 0.011759 0.033061
0 0.310810 0.664286 0.145676 0.180000
0 0.463201 0.624796 0.035128 0.056939
0 0.505947 0.644232 0.044164 0.062751