0 0.422715 0.585937 0.014502 0.018750
0 0.424034 0.608203 0.011865 0.030469
0 0.395937 0.613730 0.020937 0.039702
0 0.394370 0.626953 0.018457 0.044531
0 0.369766 0.636435 0.043967 0.058809
0 0.333726 0.625781 0.023730 0.032812
0 0.230870 0.618031 0.024457 0.028619
0 0.191106 0.626303 0.028614 0.024482
0 0.164935 0.627998 0.025124 0.028536
0 0.133121 0.636022 0.049669 0.029858
0 0.064185 0.637401 0.077657 0.041990
0 0.013118 0.649946 0.025873 0.034268
0 0.281666 0.666556 0.110634 0.142488
0 0.435240 0.617578 0.010547 0.053906
0 0.527525 0.619921 0.023730 0.049219
0 0.607285 0.641015 0.112060 0.128906
0 0.476109 0.640087 0.089648 0.145799
0 0.947422 0.671484 0.104150 0.180469
0 0.393145 0.585815 0.018145 0.023573
0 0.315330 0.596361 0.013260 0.019851
0 0.208902 0.622415 0.023728 0.027295
0 0.410243 0.588296 0.013260 0.031017