0 0.402953 0.699491 0.170501 0.235196
1 0.664436 0.535726 0.343868 0.375341
0 0.100107 0.694732 0.200214 0.228399
1 0.929215 0.687736 0.139841 0.575661
0 0.238899 0.630425 0.074505 0.104434
0 0.298740 0.615880 0.030849 0.051662
0 0.283727 0.626077 0.027833 0.061178
0 0.190271 0.624717 0.042810 0.077492
0 0.322576 0.605684 0.019883 0.025831
0 0.301546 0.587330 0.009941 0.013595
0 0.295811 0.591409 0.013765 0.010876
0 0.284340 0.581892 0.009177 0.010876
0 0.276693 0.583252 0.009177 0.016314
0 0.270957 0.568977 0.011471 0.014955
0 0.260633 0.575095 0.010706 0.010876
0 0.282428 0.562859 0.017589 0.013595
0 0.304605 0.568297 0.014530 0.016314
0 0.217426 0.502361 0.040531 0.020393
0 0.161219 0.509776 0.042825 0.020393