0 0.578548 0.526829 0.012673 0.017330
0 0.568313 0.524230 0.009748 0.015597
0 0.553691 0.525096 0.023395 0.031194
0 0.531758 0.525096 0.016572 0.024262
0 0.520547 0.525963 0.007798 0.019063
0 0.511287 0.527696 0.010723 0.019063
0 0.501539 0.525096 0.012673 0.024262
0 0.481068 0.528562 0.032169 0.038126
0 0.459622 0.529429 0.018521 0.032927
0 0.404545 0.529429 0.011698 0.032927
0 0.430378 0.525096 0.039967 0.065854
0 0.277820 0.532895 0.054589 0.050257
0 0.353368 0.523364 0.094556 0.107445
0 0.034209 0.543293 0.068055 0.143838