0 0.071648 0.477439 0.143297 0.143838
0 0.174349 0.456084 0.045816 0.043325
0 0.326073 0.467908 0.041917 0.055456
0 0.353129 0.451243 0.018521 0.020098
0 0.377748 0.462561 0.035093 0.046791
0 0.432815 0.452311 0.015597 0.020796
0 0.447437 0.458376 0.021446 0.036393
0 0.297321 0.437744 0.017538 0.018735
0 0.289233 0.486505 0.085780 0.085608
0 0.509337 0.517298 0.139398 0.220090
0 0.569775 0.457510 0.016572 0.020796
0 0.581473 0.456643 0.010723 0.019063
0 0.590458 0.456036 0.011147 0.017849
0 0.810698 0.473226 0.029785 0.025243
1 0.926572 0.489918 0.050227 0.038786
0 0.972537 0.496060 0.043866 0.034660
0 0.405922 0.467824 0.042740 0.051822
0 0.795447 0.467019 0.017923 0.018345
0 0.901501 0.485486 0.020530 0.031429