0 0.135972 0.618046 0.018457 0.067969
0 0.086534 0.609843 0.032959 0.046875
0 0.048961 0.615703 0.055371 0.053906
0 0.254624 0.592265 0.029004 0.044531
0 0.292198 0.575859 0.022412 0.039844
0 0.319224 0.578203 0.010547 0.021094
0 0.396348 0.579375 0.017139 0.032812
1 0.406236 0.567656 0.015820 0.032812
0 0.448423 0.598125 0.058008 0.098437
0 0.301426 0.586406 0.025049 0.037500
0 0.354161 0.612187 0.088330 0.121875
0 0.543345 0.630937 0.171387 0.253125
0 0.191343 0.584062 0.100195 0.164062
0 0.901938 0.703653 0.195117 0.313942
0 0.681773 0.572109 0.055371 0.053906
0 0.772783 0.558767 0.065980 0.046919
0 0.417571 0.579611 0.016749 0.023573