0 0.126060 0.510042 0.072926 0.042231
0 0.299127 0.500023 0.040631 0.027399
1 0.249389 0.487569 0.064449 0.062269
0 0.371281 0.500408 0.028021 0.036592
0 0.423821 0.498902 0.012610 0.017435
0 0.412613 0.498902 0.012610 0.017435
0 0.456045 0.497657 0.009807 0.019926
0 0.443436 0.491430 0.015412 0.032380
0 0.436431 0.496412 0.012610 0.022417
0 0.472158 0.496412 0.011208 0.017435
0 0.496676 0.492675 0.009807 0.019926
0 0.519794 0.492675 0.014011 0.019926
0 0.506484 0.495166 0.015412 0.029889
0 0.526799 0.493921 0.011208 0.017435
0 0.547815 0.492675 0.019615 0.024908
0 0.563927 0.493921 0.012610 0.017435
0 0.575836 0.492675 0.016813 0.019926
2 0.846101 0.475240 0.102277 0.069742
0 0.865015 0.488939 0.061647 0.057288
0 0.897940 0.482712 0.051839 0.044834
0 0.935769 0.471504 0.051839 0.032380
0 0.984806 0.449087 0.029422 0.017435
0 0.956785 0.470258 0.049037 0.034871
0 0.981303 0.473995 0.036428 0.032380
0 0.028021 0.510111 0.056042 0.044834