0 0.477182 0.564665 0.011742 0.017743
0 0.366396 0.565033 0.033222 0.035762
0 0.225160 0.573166 0.082602 0.077061
0 0.527545 0.560045 0.012663 0.018633
0 0.567067 0.566821 0.014081 0.025033
0 0.618363 0.565927 0.012070 0.026821
0 0.641021 0.573540 0.041181 0.056353
0 0.590042 0.586809 0.056641 0.075738
1 0.697317 0.542682 0.065377 0.123377
0 0.886407 0.630581 0.222281 0.290890
0 0.408141 0.545879 0.010568 0.011481
0 0.416654 0.544835 0.008806 0.011481
0 0.400802 0.544835 0.006458 0.013568
1 0.442779 0.534398 0.008219 0.019830
0 0.432798 0.543269 0.008219 0.010437