0 0.590752 0.440483 0.014912 0.024471
0 0.516994 0.470053 0.019501 0.038746
0 0.551407 0.460496 0.053913 0.107321
0 0.509825 0.443032 0.010897 0.017334
0 0.486941 0.439974 0.008030 0.011216
0 0.478624 0.440993 0.007456 0.011216
0 0.470021 0.438444 0.007456 0.010196
0 0.434174 0.442523 0.008030 0.012236
0 0.443064 0.440993 0.012044 0.013255
0 0.416108 0.456288 0.015486 0.009177
0 0.317326 0.455794 0.018663 0.012267
0 0.337819 0.469193 0.016059 0.011915
0 0.186391 0.479573 0.041043 0.021080
0 0.064524 0.475151 0.048751 0.030589
0 0.006309 0.496054 0.012618 0.029569
0 0.374048 0.471752 0.059075 0.085650
0 0.633290 0.515597 0.135930 0.165181
0 0.883643 0.441163 0.045884 0.020393