0 0.393536 0.424758 0.009466 0.013089
0 0.380389 0.427563 0.012621 0.018698
0 0.359879 0.424758 0.026294 0.028047
0 0.356198 0.432237 0.016828 0.024307
0 0.326223 0.427563 0.030501 0.022438
0 0.319912 0.435977 0.038915 0.028047
0 0.278893 0.439093 0.055744 0.035526
0 0.246289 0.451247 0.017880 0.022438
0 0.213684 0.453117 0.041019 0.022438
0 0.129718 0.450623 0.126212 0.059834
0 0.023139 0.449689 0.046278 0.061704
0 0.459797 0.426004 0.009466 0.024307
0 0.447176 0.440963 0.034708 0.050485
0 0.986206 0.436288 0.025242 0.037396
0 0.818425 0.440206 0.039967 0.014958