0 0.168223 0.533303 0.070664 0.063750
0 0.020566 0.532366 0.041133 0.043125
0 0.456152 0.541473 0.009492 0.020625
0 0.468555 0.550790 0.013667 0.020143
0 0.441914 0.544286 0.023203 0.037500
0 0.505873 0.539598 0.015820 0.016875
0 0.596727 0.547098 0.022148 0.028125
0 0.618875 0.548036 0.024258 0.026250
0 0.641551 0.551786 0.025312 0.022500
0 0.670028 0.564911 0.025312 0.041250
0 0.692176 0.556473 0.018984 0.024375
0 0.709051 0.558348 0.033750 0.024375
0 0.748075 0.567688 0.054844 0.058056
0 0.793320 0.577509 0.074041 0.058903
0 0.867059 0.596385 0.088203 0.060801
0 0.262131 0.564865 0.146684 0.178378
0 0.461343 0.550618 0.007923 0.017927