0 0.618491 0.557109 0.013184 0.035156
0 0.539390 0.546562 0.018457 0.023437
0 0.510386 0.539531 0.013184 0.018750
0 0.500498 0.545390 0.014502 0.021094
0 0.516319 0.533671 0.011865 0.025781
0 0.430625 0.537187 0.011865 0.014062
0 0.420738 0.541875 0.013184 0.014062
0 0.412827 0.540703 0.013184 0.016406
0 0.397666 0.543046 0.014502 0.021094
0 0.384483 0.540703 0.014502 0.016406
0 0.368662 0.543046 0.019775 0.021094
0 0.355479 0.540703 0.011865 0.021094
0 0.341636 0.545390 0.013184 0.025781
0 0.323179 0.545390 0.023730 0.021094
0 0.304722 0.546562 0.018457 0.028125
0 0.223643 0.553593 0.038232 0.037500
0 0.169590 0.562968 0.056689 0.046875
0 0.079283 0.572343 0.102832 0.051562
0 0.281651 0.548906 0.019775 0.023437
0 0.480064 0.570000 0.044824 0.065625
0 0.522251 0.553593 0.021094 0.028125
0 0.599375 0.553593 0.035596 0.060937
1 0.577506 0.535757 0.023963 0.045047
0 0.923691 0.616875 0.122607 0.112500
0 0.808335 0.618046 0.139746 0.138281
0 0.014593 0.574687 0.029185 0.060937