1 0.552999 0.396561 0.046792 0.072210
0 0.515884 0.380247 0.015211 0.024961
0 0.488387 0.378167 0.011701 0.020801
0 0.360850 0.382726 0.028082 0.021600
0 0.446265 0.377127 0.014041 0.018721
1 0.295911 0.372966 0.064354 0.056163
0 0.244545 0.394704 0.018721 0.014561
0 0.503423 0.374942 0.010531 0.020801
0 0.531504 0.380143 0.015211 0.014561
0 0.941029 0.379103 0.016381 0.012481
1 0.919383 0.380143 0.017551 0.010401
0 0.993097 0.424865 0.012871 0.045763
1 0.179489 0.385863 0.028082 0.018721
1 0.008659 0.390023 0.016381 0.014561