0 0.272088 0.470593 0.072934 0.090000
0 0.419419 0.449970 0.023399 0.038616
0 0.405601 0.457627 0.030032 0.045763
0 0.362012 0.435508 0.023511 0.019831
0 0.499042 0.452288 0.008581 0.013729
0 0.523068 0.454576 0.015445 0.018305
0 0.654006 0.460678 0.039470 0.042712
0 0.733033 0.475932 0.076367 0.088475
0 0.793525 0.468305 0.053199 0.079322
1 0.851272 0.473644 0.102108 0.102203
0 0.930470 0.478983 0.104682 0.103729
0 0.228533 0.450627 0.025159 0.035357
0 0.155815 0.445604 0.053185 0.057605
0 0.330435 0.446949 0.024883 0.024407
0 0.374625 0.468305 0.053199 0.070169
0 0.458628 0.482034 0.055773 0.085424
0 0.576610 0.455916 0.022309 0.024035
0 0.551727 0.446186 0.012013 0.016780
0 0.544862 0.453813 0.020593 0.028983
0 0.603664 0.457198 0.023903 0.028316
0 0.059463 0.475932 0.115837 0.103729
0 0.949347 0.496525 0.096102 0.147966
1 0.460013 0.405640 0.047950 0.063793
0 0.671040 0.462551 0.027551 0.039796