0 0.519991 0.487102 0.013431 0.014694
0 0.532906 0.490775 0.010332 0.014694
0 0.474015 0.496286 0.012398 0.022041
0 0.538071 0.497204 0.010332 0.016531
0 0.571649 0.492612 0.025829 0.025714
0 0.557185 0.523837 0.036161 0.047755
0 0.455935 0.491694 0.009298 0.012857
0 0.461101 0.501796 0.021696 0.036735
0 0.391569 0.480673 0.014464 0.012857
0 0.366101 0.480696 0.011675 0.016681
0 0.376071 0.485816 0.018597 0.022041
0 0.346626 0.487653 0.021696 0.018367
0 0.337328 0.475714 0.023763 0.023878
0 0.266039 0.477551 0.027895 0.034898
0 0.284120 0.479388 0.033061 0.034898
0 0.205599 0.482143 0.014464 0.018367
0 0.228387 0.485668 0.042838 0.027851
0 0.137411 0.473877 0.030995 0.034898
0 0.168922 0.472041 0.065089 0.045918
0 0.112098 0.473877 0.042360 0.034898
0 0.527430 0.511531 0.020663 0.029388
0 0.393119 0.506020 0.033061 0.044082
0 0.310465 0.511531 0.072321 0.088163
0 0.427730 0.505102 0.051658 0.077143
0 0.492819 0.515204 0.037194 0.060612
0 0.601301 0.538163 0.068189 0.084490
0 0.076626 0.551020 0.153253 0.227755