0 0.432926 0.514025 0.027371 0.037402
0 0.520399 0.502575 0.016122 0.022405
0 0.543855 0.500423 0.010926 0.016996
0 0.575268 0.491925 0.010926 0.014568
2 0.633314 0.487069 0.020487 0.033993
0 0.642191 0.495567 0.021853 0.031565
2 0.657215 0.476007 0.016389 0.022123
0 0.659947 0.491925 0.013658 0.024281
0 0.678385 0.493139 0.023218 0.036421
0 0.693224 0.493114 0.009929 0.021902
0 0.705017 0.494353 0.008195 0.019424
0 0.719358 0.507707 0.039608 0.046133
0 0.741711 0.497803 0.022218 0.031948
0 0.760886 0.495075 0.016647 0.027692
0 0.782184 0.504065 0.039608 0.043705
0 0.816447 0.495701 0.022908 0.036152
0 0.881415 0.499798 0.040850 0.049740
0 0.839137 0.505279 0.060094 0.060701
0 0.955119 0.506697 0.076264 0.063537
0 0.605588 0.517419 0.046437 0.070414