0 0.174205 0.639140 0.042187 0.058594
0 0.132676 0.643828 0.048779 0.058594
0 0.290220 0.614531 0.029004 0.037500
0 0.368003 0.600468 0.018457 0.023437
0 0.347569 0.602812 0.025049 0.028125
0 0.324497 0.611015 0.031641 0.039844
0 0.430625 0.591093 0.022412 0.032812
0 0.498521 0.585234 0.023730 0.035156
0 0.479405 0.596953 0.027686 0.044531
0 0.578823 0.586833 0.020859 0.028980
0 0.599025 0.573515 0.012566 0.035156
0 0.611240 0.575859 0.019775 0.035156
0 0.633653 0.582890 0.030322 0.039844
0 0.528184 0.593437 0.027686 0.042187
0 0.451060 0.615703 0.055371 0.072656
0 0.390415 0.608671 0.036914 0.049219
0 0.263853 0.619218 0.036914 0.046875
0 0.066099 0.659062 0.089648 0.075000
0 0.873850 0.588214 0.028199 0.043259