0 0.030252 0.532653 0.060268 0.079592
0 0.242912 0.527296 0.030995 0.050510
0 0.317386 0.515051 0.038744 0.032143
0 0.369474 0.524235 0.036161 0.022959
0 0.347089 0.564796 0.046492 0.073469
0 0.474665 0.568212 0.029578 0.019076
0 0.418980 0.553317 0.080070 0.099490
0 0.493885 0.598470 0.040466 0.070408
0 0.529887 0.588828 0.034984 0.057248
0 0.796774 0.639031 0.045631 0.032143
0 0.594446 0.586990 0.028412 0.029082
0 0.621136 0.589286 0.040466 0.036735
0 0.638097 0.600153 0.049936 0.041327
0 0.428020 0.649898 0.137755 0.183674
0 0.291987 0.572602 0.087819 0.117857
0 0.688894 0.615459 0.060268 0.047449
0 0.753725 0.642857 0.073182 0.064286
0 0.157245 0.488266 0.035300 0.033673
0 0.169299 0.490561 0.028412 0.029082