0 0.343195 0.555937 0.006328 0.016875
0 0.436535 0.560625 0.022148 0.033750
0 0.441808 0.570000 0.022148 0.033750
0 0.575437 0.595312 0.042187 0.084375
0 0.357223 0.555937 0.015820 0.024375
0 0.483235 0.548305 0.067122 0.137139
0 0.426757 0.539066 0.019767 0.024368
1 0.444023 0.542812 0.016875 0.024375
0 0.407637 0.587812 0.049570 0.073125
0 0.527555 0.605625 0.084375 0.120000
0 0.699785 0.636562 0.142383 0.166875
0 0.909035 0.689062 0.180351 0.178125
2 0.327691 0.544687 0.028477 0.046875
1 0.116315 0.533144 0.232630 0.295168