1 0.157919 0.538856 0.166626 0.259802
0 0.022279 0.625052 0.044559 0.135971
0 0.299277 0.580133 0.064192 0.084982
0 0.375761 0.550996 0.039608 0.055845
0 0.345714 0.535214 0.017755 0.029137
0 0.333422 0.518217 0.012292 0.019424
0 0.320101 0.492753 0.007503 0.017057
0 0.288912 0.496886 0.010766 0.013794
0 0.275750 0.495792 0.008942 0.015713
1 0.274693 0.517003 0.017755 0.016996
0 0.306725 0.504022 0.010798 0.013822
0 0.309309 0.535061 0.023458 0.030861
0 0.252158 0.532786 0.010926 0.019424
0 0.264450 0.541284 0.019121 0.031565
1 0.453611 0.571635 0.099702 0.140827
0 0.246441 0.559249 0.012198 0.035865
0 0.276936 0.535061 0.015013 0.020852
0 0.253947 0.532976 0.012198 0.021686