0 0.389690 0.491491 0.068816 0.098156
0 0.526922 0.480822 0.029607 0.039831
0 0.625344 0.523499 0.090421 0.102424
0 0.708727 0.516512 0.078892 0.073720
0 0.931015 0.661486 0.136832 0.344257
0 0.480911 0.473709 0.019204 0.025606
0 0.454105 0.471576 0.013603 0.021338
0 0.431300 0.479400 0.030407 0.048367
0 0.507317 0.474421 0.014403 0.027028
0 0.546926 0.480111 0.018404 0.027028
0 0.037609 0.455928 0.059214 0.029874
0 0.126029 0.458061 0.050412 0.025606
1 0.192444 0.443125 0.072817 0.052634
2 0.597738 0.460906 0.083219 0.116649
0 0.276064 0.460906 0.024006 0.014226
0 0.302470 0.460195 0.017604 0.012803
0 0.349281 0.455216 0.010402 0.014226
0 0.250338 0.460308 0.016795 0.014929