0 0.157544 0.459375 0.046143 0.056250
0 0.338423 0.442968 0.017139 0.037500
0 0.359516 0.446484 0.017139 0.035156
0 0.263276 0.446484 0.030322 0.039844
0 0.313216 0.448900 0.051731 0.054050
0 0.409746 0.437109 0.021094 0.035156
0 0.457207 0.435937 0.021094 0.023437
0 0.500053 0.431250 0.014502 0.018750
0 0.430180 0.438281 0.019775 0.023437
0 0.440068 0.434765 0.018457 0.025781
0 0.100585 0.471697 0.096780 0.090270
0 0.245509 0.456581 0.061234 0.050662
0 0.635449 0.424218 0.015820 0.023437
0 0.596871 0.432523 0.021888 0.028935
0 0.765801 0.480914 0.143114 0.145671
0 0.991431 0.655078 0.017139 0.152344