0 0.562695 0.535139 0.012621 0.011219
0 0.550600 0.537943 0.011569 0.013089
0 0.536927 0.540748 0.013673 0.014958
0 0.521150 0.543553 0.019984 0.020568
0 0.504848 0.551032 0.012621 0.016828
0 0.495908 0.553837 0.013673 0.014958
0 0.478751 0.555897 0.026951 0.030298
0 0.434380 0.568795 0.044174 0.044875
1 0.394547 0.573989 0.041802 0.045706
0 0.354445 0.581884 0.037864 0.044875
0 0.215612 0.620215 0.082038 0.076662
0 0.061002 0.677057 0.122005 0.123033
0 0.616230 0.530464 0.013673 0.024307
0 0.618859 0.537943 0.010518 0.020568
0 0.635162 0.543553 0.030501 0.039266
0 0.598876 0.534204 0.012621 0.031787
0 0.584338 0.551125 0.039594 0.061517
0 0.692483 0.534204 0.025242 0.039266
0 0.697964 0.520094 0.015170 0.022265
0 0.768163 0.536656 0.068213 0.079639
0 0.846567 0.512222 0.017880 0.028959
0 0.869778 0.506344 0.030646 0.035900
0 0.665678 0.552165 0.045485 0.059481