0 0.602614 0.568307 0.009798 0.017419
0 0.606900 0.578105 0.011023 0.023952
0 0.636908 0.571573 0.017147 0.015242
0 0.548110 0.570484 0.015922 0.013065
0 0.520552 0.570484 0.019597 0.008710
0 0.493607 0.570484 0.014698 0.017419
0 0.453145 0.573750 0.029481 0.019597
0 0.208360 0.595524 0.114868 0.054435
1 0.035835 0.594436 0.069195 0.074032
0 0.581792 0.574839 0.019597 0.034839
0 0.624048 0.581371 0.020822 0.030484
0 0.656505 0.571573 0.014698 0.023952
0 0.679164 0.574839 0.018372 0.017419
0 0.691412 0.571573 0.008574 0.019597
0 0.843899 0.583548 0.034294 0.026129
0 0.917999 0.593347 0.086961 0.067500