0 0.531035 0.421875 0.011602 0.035625
0 0.515742 0.422812 0.023203 0.045000
0 0.418183 0.413437 0.017930 0.052500
0 0.354902 0.413437 0.032695 0.022500
0 0.072391 0.413812 0.072773 0.028125
0 0.657215 0.430687 0.014766 0.020625
0 0.583914 0.418500 0.017930 0.022500
0 0.685164 0.419437 0.047461 0.065625
0 0.550692 0.429750 0.037969 0.056250
1 0.523270 0.392250 0.037969 0.041250
1 0.391434 0.394125 0.056953 0.045000
1 0.459989 0.376312 0.088594 0.174375
2 0.246414 0.403500 0.060117 0.037500
0 0.019057 0.410062 0.038114 0.031875
1 0.559129 0.396937 0.025312 0.024375