1 0.154664 0.457627 0.166462 0.202881
2 0.756157 0.459152 0.132998 0.172373
0 0.256343 0.488135 0.043761 0.047288
0 0.344722 0.482034 0.033464 0.044237
0 0.397492 0.470593 0.018877 0.027458
0 0.488016 0.466017 0.011155 0.009153
0 0.477291 0.465254 0.010297 0.010678
0 0.470426 0.466017 0.005148 0.012203
0 0.463562 0.468305 0.006864 0.016780
0 0.500887 0.462966 0.009439 0.015254
0 0.509468 0.484322 0.018019 0.033559
0 0.445543 0.488898 0.039470 0.064068
0 0.654049 0.527797 0.151875 0.181525
0 0.548080 0.481271 0.026600 0.036610
0 0.481152 0.505678 0.054057 0.073220
0 0.526672 0.465864 0.010297 0.021356