0 0.339509 0.493112 0.022385 0.022959
0 0.430772 0.493878 0.013776 0.021429
0 0.451005 0.483929 0.019802 0.016837
0 0.467363 0.498470 0.019802 0.027551
0 0.513712 0.484694 0.013776 0.009184
0 0.489174 0.483929 0.023246 0.007653
0 0.485300 0.521429 0.025829 0.073469
0 0.413265 0.509184 0.041327 0.070408
0 0.127196 0.621525 0.254392 0.400193
0 0.294452 0.526115 0.072321 0.075698
0 0.373517 0.531123 0.076626 0.097959
0 0.449139 0.498980 0.025829 0.036735
0 0.526196 0.558674 0.095568 0.134694
0 0.614445 0.539541 0.079209 0.090306
0 0.560204 0.508419 0.020663 0.041327