0 0.608549 0.638860 0.010492 0.013990
0 0.573794 0.637694 0.011804 0.016321
0 0.500110 0.637588 0.015738 0.025648
0 0.519365 0.634197 0.015738 0.018653
0 0.630845 0.645855 0.015738 0.023316
0 0.598057 0.635363 0.015738 0.020984
0 0.440018 0.637694 0.038034 0.053627
0 0.121972 0.651101 0.167876 0.142228
0 0.387229 0.659262 0.078692 0.083938
0 0.478380 0.647604 0.045904 0.065285
0 0.539087 0.648977 0.032826 0.040266
0 0.585270 0.641775 0.018361 0.025648
0 0.648223 0.647604 0.031477 0.041969
0 0.677732 0.649935 0.030165 0.037306
0 0.834460 0.695402 0.166564 0.184197
0 0.288522 0.625074 0.025837 0.027959