0 0.332409 0.551441 0.051483 0.059492
0 0.220433 0.557542 0.036896 0.044237
0 0.889799 0.489203 0.036038 0.035085
0 0.927553 0.482339 0.027458 0.021356
0 0.186969 0.560898 0.031748 0.038136
0 0.165518 0.561661 0.021451 0.033559
0 0.143209 0.566237 0.019735 0.024407
0 0.131196 0.565474 0.012871 0.022881
0 0.098161 0.573102 0.013729 0.016780
0 0.056117 0.572339 0.015445 0.015254
0 0.068129 0.576152 0.012013 0.013729
0 0.089237 0.573559 0.010297 0.015254
0 0.077654 0.575085 0.011155 0.015254
0 0.164746 0.408051 0.048051 0.028983