0 0.317906 0.514922 0.013184 0.016406
0 0.304722 0.517265 0.013184 0.021094
0 0.291538 0.521953 0.013184 0.021094
1 0.272422 0.516345 0.025049 0.047378
0 0.262535 0.530156 0.018457 0.032812
0 0.247373 0.528984 0.017139 0.035156
0 0.238145 0.531328 0.017139 0.035156
0 0.451719 0.507890 0.009229 0.025781
0 0.461607 0.511406 0.013184 0.028125
0 0.478086 0.503203 0.022412 0.039844
0 0.482700 0.509062 0.018457 0.032812
0 0.489292 0.511406 0.013184 0.032812
0 0.497202 0.514922 0.018457 0.039844
0 0.514341 0.513750 0.031641 0.051562
0 0.619151 0.530156 0.064600 0.089062
0 0.680604 0.543846 0.097259 0.113245
0 0.360093 0.511406 0.010547 0.018750
0 0.379209 0.509062 0.017139 0.014062
0 0.338999 0.517265 0.023730 0.030469
0 0.216392 0.536015 0.039551 0.044531
0 0.551255 0.512578 0.050098 0.082031
0 0.810972 0.555937 0.203027 0.187500
1 0.421397 0.500859 0.022412 0.039844
0 0.406895 0.507890 0.011865 0.021094
0 0.992905 0.626250 0.013184 0.112500