0 0.008773 0.480905 0.017547 0.071053
0 0.124288 0.447112 0.057514 0.065854
0 0.199348 0.428049 0.147196 0.090116
0 0.278795 0.413319 0.031194 0.039859
1 0.295367 0.394256 0.019496 0.071053
1 0.326561 0.382125 0.050690 0.081451
1 0.388461 0.374326 0.038018 0.048524
0 0.351418 0.398588 0.051665 0.048524
0 0.948488 0.253017 0.099430 0.110911
0 0.416243 0.379525 0.019496 0.017330
0 0.429890 0.380392 0.019496 0.015597
0 0.439638 0.376059 0.011698 0.017330
0 0.517136 0.372593 0.012673 0.038126
0 0.648735 0.341399 0.030219 0.020796
0 0.687727 0.343132 0.024370 0.013864
0 0.721845 0.330135 0.036068 0.022529
0 0.855394 0.311939 0.038018 0.020796
0 0.452311 0.376059 0.009748 0.013864
0 0.459134 0.377792 0.009748 0.020796
0 0.534682 0.380392 0.036068 0.053723
0 0.487891 0.406387 0.063363 0.095315
0 0.603406 0.384396 0.079934 0.110255