0 0.579549 0.502062 0.010438 0.022680
0 0.592887 0.511340 0.027835 0.041237
0 0.543016 0.510309 0.016237 0.030928
0 0.526778 0.502062 0.016237 0.026804
0 0.560412 0.522680 0.041753 0.059794
0 0.505902 0.511340 0.025515 0.041237
0 0.468789 0.523711 0.062629 0.103093
0 0.421817 0.514433 0.033634 0.051546
0 0.369626 0.506186 0.017397 0.014433
0 0.360928 0.502062 0.016237 0.022680
0 0.287734 0.555392 0.127910 0.136064
0 0.151353 0.511340 0.031314 0.024742
0 0.104078 0.513569 0.063465 0.043132
1 0.700516 0.544599 0.192526 0.208099