0 0.063931 0.577634 0.126822 0.124321
0 0.284571 0.559497 0.059773 0.076694
0 0.439980 0.535010 0.004678 0.009240
0 0.452974 0.534086 0.005717 0.011088
0 0.436342 0.535934 0.004678 0.011088
0 0.431924 0.535934 0.006237 0.012936
0 0.427506 0.535472 0.004678 0.017556
0 0.422308 0.538707 0.010915 0.020329
0 0.326932 0.534086 0.007277 0.014784
0 0.315497 0.538707 0.015593 0.024025
0 0.366953 0.532700 0.008316 0.012012
0 0.350841 0.535934 0.013514 0.024025
0 0.253645 0.547485 0.028067 0.045277
0 0.223499 0.542403 0.035344 0.035113
0 0.337587 0.541941 0.021310 0.032341
0 0.376569 0.535934 0.011955 0.022177
0 0.405156 0.540555 0.025468 0.040657