0 0.790959 0.558280 0.053266 0.016996
0 0.661893 0.567992 0.032779 0.026709
0 0.635943 0.553424 0.038242 0.021853
0 0.573117 0.559494 0.027316 0.033993
0 0.592238 0.550996 0.010926 0.021853
0 0.557103 0.552141 0.012292 0.024281
0 0.325603 0.548499 0.016389 0.012140
0 0.315359 0.544857 0.006829 0.019424
0 0.306482 0.543643 0.013658 0.021853
0 0.204048 0.550927 0.024584 0.012140
0 0.165806 0.555783 0.021853 0.026709
0 0.223852 0.549713 0.015024 0.009712
0 0.388429 0.540000 0.010926 0.019424
0 0.404818 0.541214 0.010926 0.016996
0 0.241607 0.552141 0.025950 0.033993
0 0.271654 0.555783 0.028681 0.026709
0 0.257314 0.541214 0.010926 0.016996
2 0.501106 0.542671 0.017755 0.021853
0 0.460132 0.534173 0.012292 0.019424
0 0.445792 0.536601 0.010926 0.014568