0 0.381039 0.616053 0.071901 0.089701
0 0.118573 0.598142 0.120139 0.090272
0 0.292649 0.588887 0.040365 0.035880
0 0.235255 0.595614 0.087038 0.053821
0 0.348152 0.588887 0.022706 0.022425
0 0.454742 0.594493 0.021444 0.038123
0 0.428252 0.598978 0.036581 0.051578
0 0.553132 0.606827 0.039104 0.053821
0 0.530427 0.601221 0.013876 0.024668
0 0.515290 0.601221 0.021444 0.038123
0 0.602454 0.618936 0.078208 0.107641
0 0.485773 0.611088 0.051718 0.069518
0 0.852719 0.714244 0.291388 0.399169
0 0.027481 0.571203 0.054962 0.161462