0 0.044027 0.561419 0.088053 0.527115
0 0.127249 0.573725 0.018943 0.023915
0 0.126837 0.576166 0.019767 0.016106
0 0.111188 0.572505 0.014825 0.011714
0 0.099658 0.578362 0.023061 0.020499
0 0.093481 0.596665 0.012354 0.027820
0 0.210022 0.601789 0.054359 0.055640
0 0.206316 0.603986 0.055182 0.048319
0 0.449580 0.588121 0.013407 0.021480
0 0.428281 0.591540 0.016472 0.032213
0 0.948258 0.603254 0.023061 0.032213
0 0.919019 0.601057 0.065066 0.027820
0 0.918196 0.626681 0.079891 0.058568
0 0.747295 0.598861 0.026356 0.023427
0 0.824303 0.598129 0.027179 0.021963
0 0.308033 0.607646 0.093892 0.108351
0 0.396983 0.593736 0.051064 0.065889
0 0.466739 0.597029 0.035507 0.047583
2 0.793349 0.590076 0.062595 0.030748
0 0.163915 0.613723 0.118101 0.070303