0 0.324088 0.355701 0.013192 0.018762
0 0.310320 0.352606 0.009597 0.012796
0 0.307378 0.361955 0.016710 0.021889
0 0.280114 0.367036 0.023746 0.027362
0 0.229343 0.358275 0.017992 0.019868
0 0.125326 0.360001 0.025505 0.032052
1 0.042435 0.367402 0.084870 0.101679
0 0.365504 0.359004 0.011996 0.017062
0 0.372702 0.369668 0.011996 0.021327
0 0.406892 0.365403 0.008398 0.017062
0 0.423687 0.378199 0.029991 0.038389
0 0.389497 0.386730 0.040788 0.055450
0 0.483669 0.368191 0.015595 0.014108
0 0.499303 0.366343 0.018073 0.014677
0 0.583276 0.418704 0.123489 0.132260
0 0.261865 0.355310 0.010114 0.014853