0 0.512520 0.538948 0.062440 0.085528
0 0.454548 0.514859 0.033179 0.044976
0 0.546408 0.520841 0.017764 0.022236
0 0.397739 0.511834 0.007165 0.006066
0 0.368043 0.509407 0.014695 0.012132
0 0.354327 0.512137 0.010418 0.010312
0 0.032263 0.516568 0.064526 0.044810
0 0.109009 0.514798 0.055694 0.039477
1 0.162025 0.511191 0.067961 0.043017
0 0.228614 0.511122 0.033775 0.028541
0 0.255836 0.511436 0.024701 0.025583
0 0.288604 0.510295 0.020669 0.021509
1 0.318598 0.493242 0.044362 0.053722
0 0.340921 0.509407 0.006841 0.013345
0 0.479225 0.514491 0.013686 0.017695