0 0.256999 0.549490 0.018080 0.030612
0 0.359024 0.548342 0.008610 0.018367
0 0.367634 0.542220 0.008610 0.012245
0 0.379257 0.538393 0.018080 0.013776
0 0.377966 0.549107 0.020663 0.019898
0 0.396046 0.544516 0.017219 0.019898
0 0.439095 0.532271 0.024107 0.026020
0 0.456314 0.530740 0.012054 0.016837
0 0.473533 0.526914 0.020663 0.018367
0 0.440817 0.549873 0.024107 0.033673
0 0.465354 0.555230 0.028412 0.041327
0 0.551451 0.539286 0.014636 0.027551
0 0.567810 0.553827 0.031856 0.044388
0 0.608706 0.556888 0.060268 0.096429
0 0.513138 0.594069 0.103316 0.152067
0 0.416279 0.553776 0.035300 0.045918
2 0.329321 0.527755 0.049075 0.064286
0 0.304353 0.558368 0.088680 0.101020
0 0.178651 0.552245 0.061129 0.042857
0 0.090832 0.735460 0.181665 0.427041