0 0.408527 0.476105 0.012490 0.023560
0 0.413380 0.480238 0.010396 0.020838
0 0.422090 0.480444 0.010958 0.026700
0 0.429535 0.480808 0.013486 0.019980
0 0.434940 0.482623 0.008001 0.021612
0 0.391072 0.472177 0.025569 0.027094
0 0.386844 0.493525 0.034584 0.050089
0 0.361366 0.516299 0.033525 0.079004
1 0.378147 0.458880 0.024444 0.043455
1 0.353234 0.462127 0.014143 0.017982
0 0.181764 0.423875 0.363527 0.847750
0 0.478915 0.635079 0.202708 0.298634
0 0.364520 0.467621 0.003933 0.011988
0 0.361430 0.464624 0.004495 0.008991
0 0.454541 0.480058 0.037087 0.020479