0 0.192208 0.477443 0.051479 0.036109
1 0.103982 0.446445 0.119964 0.089573
0 0.034170 0.482719 0.068340 0.038353
0 0.450073 0.474314 0.017701 0.023975
0 0.429985 0.471317 0.015734 0.021977
0 0.415094 0.472816 0.018544 0.028970
0 0.514273 0.471567 0.013486 0.011488
2 0.540262 0.456333 0.025568 0.045953
0 0.528462 0.475813 0.019948 0.026972
0 0.552484 0.470084 0.020791 0.027502
0 0.581002 0.472316 0.028939 0.043955
0 0.717599 0.474170 0.032390 0.042654
0 0.781181 0.473920 0.017995 0.050685
0 0.678072 0.489464 0.070657 0.071782
0 0.483508 0.493746 0.061531 0.088812
1 0.887833 0.339455 0.224333 0.678909
1 0.307314 0.395394 0.217122 0.392775
1 0.423944 0.455833 0.019386 0.023975